22180
22183
22185
22027
22081
22082
22116
22118
22119
22181
22031
22034
22182
22037
22043
22046
22042
22124
22107
22108
22109
22102
22038
22103
22003
22035
22106
22213
22067
22101
22032
22040
20191
22044
20153
22205
22030
22096
20196
20190
22041
22033
20192
22151
22203
22207
22009
20818
20816
22230
22240
22241
22242
22243
22244
22245
22214
20195
22216
20194
22215
22210
22227
22226
20812
20171
22312
20172
22219
22015
22066
22217
22156
22158
22159
22160
22161
22311
22212
22152
22246
22201
22204
20859
22095
20854
20817
22304
20016
20170
20007
20057
22206
22209
22302
22211
20810
20811
20813
20824
20825
20827
20889
20894
22150
20122
22039
20041
22153
20892
22310
22225
20151
20037
20008
20050
20052
20521
22305
20814
22202
20815
20124
20372
20015
20164
20504
20102
20036
20189
56901
56920
20006
22315
22122
22036
20201
20202
20203
20204
20206
20207
20208
20210
20211
20212
20213
20214
20215
20216
20217
20218
20219
20220
20221
20222
20223
20224
20226
20227
20228
20229
20230
20232
20233
20235
20237
20238
20239
20240
20241
20242
20244
20245
20250
20251
20261
20262
20265
20266
20268
20270
20277
20289
20299
20303
20306
20310
20317
20330
20340
20350
20355
20370
20373
20374
20376
20380
20388
20389
20390
20391
20392
20393
20394
20395
20398
20401
20402
20403
20404
20405
20406
20407
20408
20410
20411
20412
20413
20414
20415
20416
20418
20419
20420
20421
20422
20423
20424
20425
20427
20428
20429
20431
20433
20434
20435
20436
20437
20439
20440
20441
20442
20444
20447
20451
20453
20456
20460
20463
20468
20469
20470
20472
20501
20502
20503
20505
20506
20507
20509
20510
20515
20520
20523
20524
20525
20526
20527
20530
20531
20533
20534
20535
20536
20537
20538
20539
20540
20541
20542
20543
20544
20546
20547
20548
20549
20551
20552
20553
20554
20555
20557
20559
20560
20565
20566
20570
20571
20572
20573
20575
20576
20577
20578
20579
20580
20581
20585
20586
20590
20591
20593
20594
20597
20599
20029
20030
20039
20040
20042
20043
20044
20045
20047
20049
20053
20055
20056
20058
20060
20061
20062
20063
20065
20067
20068
20069
20070
20071
20073
20074
20075
20076
20077
20078
20080
20081
20082
20091
20254
20314
20318
20508
20009
56904
56902
56945
20522
20500
22314
22301
20024
20120
22331
22303
20005
20260
20252
20163
20167
20026
20027
20528
20010
20301
20511
20004
20121
20165
20426
20059
20038
20001
20033
22332
22313
22320
22333
22334
20852
20896
20895
22350
20319
20891
20066
20013
20011
20022
20529
22306
20166
20035
20090
20012
20417
20375
22199
22307
20850
20907
20908
20911
20915
20918
20910
20111
20913
20152
22060
20997
20032
20064
20847
20848
20849
20857
20017
56915
20851
56933
56944
56972
20003
20912
22309
20878
22125
20002
20902
20745
20020
20018
22308
20113
22079
20108
20750
22192
20712
20147
20901
20148
20916
22121
20782
20146
20149
20110
20722
22194
22195
20744
20903
20906
20853
20787
20019
20897
20783
20874
20109
20788
20993
20877
20143
20884
20885
20898
20899
20880
20781
20837
20748
20749
20752
20738
20742
20710
20741
20855
20914
22193
20757
20904
20737
20112
20746
20616
22191
20740
20875
20136
20105
20743
20883
20886
20784
20879
20785
20753
20747
20832
20830
20841
20905
20156
20697
20704
20169
20770
20731
20790
20791
20860
20762
20607
20155
22025
20168
20735
20799
20703
20876
20768
20182
20839
20175
20868
20706
20705
20177
20178
20861
20181
20771
20842
20866
22026
20658
20176
20862
20640
20882
22172
20838
20603
20769
20707
20777
20623
20833
22134
20708